[[[[2.66893883e-04 2.71591969e-04 2.76291801e-04 ... 2.57290143e-04
    2.63572525e-04 2.69888696e-04]
   [2.51284888e-04 2.55671854e-04 2.60060304e-04 ... 2.42189271e-04
    2.48080119e-04 2.54002400e-04]
   [2.35684565e-04 2.39759902e-04 2.43836403e-04 ... 2.27101351e-04
    2.32602310e-04 2.38132328e-04]
   ...
   [2.62849033e-04 2.60458619e-04 2.58071464e-04 ... 2.19911890e-04
    2.24934134e-04 2.29968442e-04]
   [2.63131515e-04 2.61742854e-04 2.60357425e-04 ... 2.34565377e-04
    2.39936038e-04 2.45319097e-04]
   [2.63415743e-04 2.63028807e-04 2.62645102e-04 ... 2.49222037e-04
    2.54941260e-04 2.60673318e-04]]]


 [[[2.66031100e-04 2.65747076e-04 2.65464711e-04 ... 1.71951935e-04
    1.83158787e-04 1.94396489e-04]
   [2.50445155e-04 2.50182784e-04 2.49921839e-04 ... 1.62548182e-04
    1.73033855e-04 1.83548313e-04]
   [2.34867213e-04 2.34625972e-04 2.34385952e-04 ... 1.53156201e-04
    1.62922210e-04 1.72714819e-04]
   ...
   [1.88020858e-04 1.81983021e-04 1.75948429e-04 ... 9.06139612e-05
    9.56189906e-05 1.00635356e-04]
   [1.88302292e-04 1.82598975e-04 1.76898815e-04 ... 9.53030831e-05
    1.00658071e-04 1.06024781e-04]
   [1.88585487e-04 1.83216645e-04 1.77850990e-04 ... 9.99956028e-05
    1.05700674e-04 1.11417983e-04]]]


 [[[2.65143899e-04 2.64865375e-04 2.64588452e-04 ... 2.45368632e-04
    2.56509316e-04 2.67678290e-04]
   [2.49610690e-04 2.49351724e-04 2.49094155e-04 ... 2.31027414e-04
    2.41451256e-04 2.51901452e-04]
   [2.34084349e-04 2.33844534e-04 2.33605955e-04 ... 2.16696862e-04
    2.26405100e-04 2.36137770e-04]
   ...
   [1.77206108e-04 1.80492163e-04 1.83781260e-04 ... 2.01935472e-04
    2.15574357e-04 2.29224563e-04]
   [1.82440010e-04 1.86395075e-04 1.90353137e-04 ... 2.15246866e-04
    2.29902420e-04 2.44569528e-04]
   [1.87675221e-04 1.92299296e-04 1.96926354e-04 ... 2.28561359e-04
    2.44233699e-04 2.59918132e-04]]]


 ...


 [[[3.41083010e-04 3.35799152e-04 3.30516981e-04 ... 2.02020718e-04
    1.98256253e-04 1.94522479e-04]
   [3.20499646e-04 3.15570796e-04 3.10643489e-04 ... 1.90620587e-04
    1.87139798e-04 1.83687633e-04]
   [2.99924461e-04 2.95350183e-04 2.90777272e-04 ... 1.79232200e-04
    1.76036352e-04 1.72867090e-04]
   ...
   [1.88175240e-04 1.90791761e-04 1.93411252e-04 ... 2.28762568e-04
    2.29468322e-04 2.30186139e-04]
   [1.88455699e-04 1.92074149e-04 1.95695553e-04 ... 2.44092211e-04
    2.44813651e-04 2.45547621e-04]
   [1.88737846e-04 1.93358239e-04 1.97981601e-04 ... 2.59425055e-04
    2.60162429e-04 2.60912784e-04]]]


 [[[2.45712064e-02 2.47405991e-02 2.49099936e-02 ... 2.56032068e-02
    2.52001900e-02 2.47972067e-02]
   [2.45955084e-02 2.47258283e-02 2.48561520e-02 ... 2.52933260e-02
    2.49300171e-02 2.45667398e-02]
   [2.46198196e-02 2.47110669e-02 2.48023178e-02 ... 2.49834545e-02
    2.46598572e-02 2.43362878e-02]
   ...
   [2.21882928e-02 2.22093575e-02 2.22304296e-02 ... 2.29305048e-02
    2.27150060e-02 2.24995166e-02]
   [2.19239984e-02 2.19667889e-02 2.20095757e-02 ... 2.26447918e-02
    2.23801918e-02 2.21156031e-02]
   [2.16597095e-02 2.17242166e-02 2.17887256e-02 ... 2.23590769e-02
    2.20453832e-02 2.17316952e-02]]]


 [[[2.09935680e-02 2.10531559e-02 2.11127456e-02 ... 2.36082282e-02
    2.30105985e-02 2.24130042e-02]
   [2.13971809e-02 2.14314032e-02 2.14656200e-02 ... 2.37397309e-02
    2.31981762e-02 2.26566587e-02]
   [2.18008086e-02 2.18096618e-02 2.18185075e-02 ... 2.38712467e-02
    2.33857762e-02 2.29003336e-02]
   ...
   [1.93255972e-02 1.93422604e-02 1.93589274e-02 ... 2.05074102e-02
    2.01804731e-02 1.98535509e-02]
   [1.91511977e-02 1.91568360e-02 1.91624742e-02 ... 1.99455395e-02
    1.95678324e-02 1.91901401e-02]
   [1.89768020e-02 1.89714096e-02 1.89660229e-02 ... 1.93836745e-02
    1.89551990e-02 1.85267366e-02]]]]